-14.469
53.914
-83.429
-22.413
-72.795
19.775
-21.995
-1.535
-89.412
-38.257
-11.828
-94.505
-61.366
-94.896
-81.855
2.781
60.403
20.173
45.822
87.67
18.335
-20.795
-41.098
32.479
-77.575
29.689
-10.687
-98.903
9.396
-37.146
53.17
-48.023
81.621
45.881
90.209
-96.336
63.943
88.707
-42.521
12.544
-37.068
33.724
-23.745
36.594
83.121
90.889
95.648
33.922
-48.471
-65.21
60.026
-35.153
-69.337
-60.386
-79.096
-63.733
-84.645
-59.003
85.625
-89.344
76.067
25.195
-50.452
5.206
93.812
-52.936
99.028
51.004
75.101
33.292
-61.572
53.64
50.134
71.744
-76.756
-7.266
17.678
79.639
-51.23
35.62
2.515
-80.739
-41.739
-78.315
-64.747
19.462
60.028
46.485
70.605
11.812
-63.498
65.098
-94.69
-86.083
-35.514
-97.389
-55.3
44.161
-29.865
14.982
-66.861
23.13
14.726
-56.586
41.094
36.389
-65.825
-5.306
-51.62
11.327
-39.15
80.913
-92.858
17.517
-60.264
85.541
-40.819
-64.37
-53.726
49.047
47.263
95.586
-37.328
-4.488
-38.865
-13.942
8.588
-52.607
95.663
-15.846
-65.987
-44.424
-45.495
66.282
-2.925
59.372
-38.008
-96.124
84.057
10.703
-96.793
-65.008
-39.891
-70.498
58.939
-37.201
78.637
-39.087
23.756
78.898
-89.594
-87.931
79.504
87.778
-43.471
60.893
-7.596
-80.812
58.837
92.599
-78.049
-10.137
8.975
-59.7
-16.173
90.394
62.228
31.13
49.671
3.784
-14.27
-99.263
56.77
-12.39
1.527
71.261
8.875
15.825
23.573
-95.443
-62.58
92.192
81.032
84.658
97.055
-84.843
26.376
91.762
9.026
98.759
81.656
19.891
-4.252
76.482
-83.93
-35.347
78.27
22.393
27.696
82.395
4.743
-50.47
15.417
-78.979
97.355
42.317
15.67
-36.627
-86.427
-63.183
-45.125
22.49
91.887
65.053
-23.836
68.035
9.663
-95.601
42.037
10.776
56.239
50.225
46.084
70.219
-16.844
-52.28
57.294
-86.453
-13.97
-49.383
66.058
-94.821
61.904
32.013
-40.079
-23.515
-55.504
-42.597
48.712
-72.52
-19.877
-31.174
-45.846
-26.554
90.303
-78.9
4.53
91.569
-89.759
-32.591
57.349
-23.263
-94.74
87.989
30.67
